/ 只上傳可成功編譯的原始碼(.cpp/.c/.h/.hpp)含註解、檔名請用「DS10732hw1自己的學號」，違反任何一項先扣5分！

// 程式碼開頭幾行要放程式簡介的註解說明，內容必須有個人的詳細系級、中文姓名和學號，資訊不完整先扣5分！

// 非C/C++程式 或 無法成功執行 一律視為「未完成」！


一、題目：完成下列三項任務，並將三者整合在一個簡易選單下，未整合或介面無法連續執行都先扣5分。

必要規範：堆積結構必須以陣列實作，索引[0]為樹根。任務二只能從堆積取得結果，不得採用其他方式（例如排序）。


（任務一）建立最大堆積
輸入：使用者輸入任意筆分數，依序以1, 2, 3, ...作為分數對應的學生座號，必須有各種防呆措施，允許不同座號同分。

內容：逐一加入0到100之間的分數建立一棵最大堆積，每個節點存放（分數，座號），以分數作為比較大小的鍵值。

輸出：在螢幕上顯示最大堆積的每個節點內容，從樹根開始，依照由上而下，由左而右的次序。


（任務二）建立最小最大堆積
輸入：同任務一。

內容：逐一加入0到100之間的分數建立一棵最小最大堆積（min-max heap），其餘同任務一。

輸出：同任務一。


（任務三）建立雙向堆積
輸入：同任務一。

內容：逐一加入0到100之間的分數建立一棵雙向堆積（DEAP），其餘同任務一。

輸出：同任務一。


二、參考範例
（格式可自訂，不需要和範例完全一樣，但是顯示的內容資訊不可缺少。） 

必要規範：陣列內容以（分數，座號）的形式呈現。


輸入[0, 100]：40, 80, 44, 10, 40, 30, 11, 60, 80, 50, 60

輸出：


（任務一）建立最大堆積
[ 0] (80,2)
[ 1] (80,9)
[ 2] (44,3)
[ 3] (60,8)
[ 4] (60,11)
[ 5] (30,6)
[ 6] (11,7)
[ 7] (10,4)
[ 8] (40,1)
[ 9] (40,5)
[10] (50,10)

（任務二）建立最小最大堆積
[ 0] (10,4)
[ 1] (80,2)
[ 2] (44,3)
[ 3] (40,1)
[ 4] (40,5)
[ 5] (30,6)
[ 6] (11,7)
[ 7] (60,8)
[ 8] (80,9)
[ 9] (50,10)
[10] (60,11)

（任務三）建立雙向堆積
[ 0] ( , )
[ 1] (10,4)
[ 2] (80,2)
[ 3] (11,7)
[ 4] (30,6)
[ 5] (60,8)
[ 6] (80,9)
[ 7] (40,5)
[ 8] (44,3)
[ 9] (40,1)
[10] (50,10)
[11] (60,11)

三、程式說明文件：未於期限內完成貼文者視同未機測！
機測前一天，每位同學必須在課程討論區指定看板貼文分享，內容必須包含但不限於以下幾項：

1. 清楚解說自己建立這三種堆積結構的演算步驟。

2. 詳細敘述從這三種堆積結構擷取前三筆最高分的演算步驟。


四、機測時間及地點
1. 原則上將依照上傳時間次序安排期中考當天下午12:30-15:30之間的機測，並於進行期中考的教室黑板公告。

2. 若時間上有特殊需求，請在期中考以前來信洽詢。yhwu@cycu.org.tw

3. 機測地點為 電學大樓310電腦教室


五、其他規定
1. 被老師認定部分的程式碼抄襲，以及未於公告期限內上傳程式碼或貼文者，一律不得補交或重做，成績以零分計。

2. 遵守規定完成作業要求，但是機測後成績不理想者，老師將視狀況提供一次補救作業的機會，不過，上述成績零分者除外。